DTUSAT                  
1 27842U 03031C   11157.56339607  .00000120  00000-0  75374-4 0  1326
2 27842  98.7004 167.1218 0008577 204.3599 155.7175 14.21121368411510
CUTE-1 (CO-55)          
1 27844U 03031E   11156.62768679  .00000158  00000-0  93320-4 0  1253
2 27844  98.7048 165.4960 0008871 230.8453 129.1941 14.20813602411272
QUAKESAT                
1 27845U 03031F   11156.96565173  .00000254  00000-0  13869-3 0  1341
2 27845  98.7151 165.4612 0007741 248.7819 111.2531 14.20488341411209
AAU CUBESAT             
1 27846U 03031G   11157.91560299  .00000120  00000-0  75360-4 0   203
2 27846  98.6985 167.4542 0008707 204.2871 155.7902 14.21119110411566
CANX-1                  
1 27847U 03031H   11157.01968799  .00000091  00000-0  62085-4 0   377
2 27847  98.6945 166.5531 0008899 204.3625 155.7152 14.21094208411388
CUBESAT XI-IV (CO-57)   
1 27848U 03031J   11157.55535632  .00000150  00000-0  89884-4 0   757
2 27848  98.7116 165.5958 0008641 232.9790 127.0605 14.20593335411353
UWE-1                   
1 28892U 05043C   11157.22229129  .00000423  00000-0  97156-4 0  9479
2 28892  97.9679  33.0872 0016134 255.6070 104.3341 14.60088836298752
CUBESAT XI-V (CO-58)    
1 28895U 05043F   11156.68949048  .00000369  00000-0  85982-4 0  8911
2 28895  97.9680  33.5222 0016682 256.7146 103.2191 14.60108870298566
NCUBE-2                 
1 28897U 05043H   11157.61481994  .00000399  00000-0  91869-4 0  4637
2 28897  97.9665  34.3022 0016077 254.3942 105.5502 14.60309462291007
CSTB1                   
1 31122U 07012F   11157.47519082  .00000559  00000-0  13192-3 0  2339
2 31122  97.8971 189.9805 0085124 190.8787 169.0580 14.55663193219781
MAST                    
1 31126U 07012K   11157.09188612  .00000464  00000-0  11473-3 0  1763
2 31126  97.8951 184.9450 0093789 204.6510 155.0183 14.53752908219479
LIBERTAD-1              
1 31128U 07012M   11157.56946886 -.00000046  00000-0  00000+0 0  2377
2 31128  97.8986 182.1209 0102005 213.7668 145.7020 14.52362825219300
POLYSAT CP3             
1 31129U 07012N   11157.54044106  .00000247  00000-0  67127-4 0  8871
2 31129  97.8990 182.3681 0101238 213.4959 145.9790 14.52488573219292
CAPE1                   
1 31130U 07012P   11157.55000334  .00000270  00000-0  72667-4 0  1930
2 31130  97.8971 182.1607 0101662 213.8695 145.5982 14.52396406219091
POLYSAT CP4             
1 31132U 07012Q   11157.65478065  .00000286  00000-0  72716-4 0  2048
2 31132  97.8949 189.7247 0085027 190.5689 169.3720 14.55515086219679
NTS (CANX-6)            
1 32784U 08021B   11157.21511531  .00000881  00000-0  11891-3 0   136
2 32784  97.8498 220.6916 0015258 204.5472 155.5051 14.81499902167869
CUTE-1.7+APD II (CO-65) 
1 32785U 08021C   11157.81563870  .00000992  00000-0  13143-3 0    96
2 32785  97.8496 221.9069 0014124 205.7945 154.2573 14.82009041168004
COMPASS-1               
1 32787U 08021E   11157.34364033  .00001410  00000-0  18223-3 0    52
2 32787  97.8479 221.3614 0015011 208.1747 151.8686 14.82428150167957
AAUSAT-II               
1 32788U 08021F   11157.10623656  .00001337  00000-0  17231-3 0  9950
2 32788  97.8478 221.3488 0014530 209.4426 150.6009 14.82613652167936
DELFI-C3 (DO-64)        
1 32789U 08021G   11157.18682929  .00001636  00000-0  20716-3 0   121
2 32789  97.8582 222.4109 0014703 206.8716 153.1728 14.83075378167956
CANX-2                  
1 32790U 08021H   11157.15753659  .00001114  00000-0  14699-3 0    33
2 32790  97.8474 221.0879 0014801 209.0551 150.9850 14.81961932167889
SEEDS II (CO-66)        
1 32791U 08021J   11157.69559076  .00001153  00000-0  15127-3 0  9983
2 32791  97.8490 221.6515 0015403 205.8668 154.1747 14.82121212167952
POLYSAT CP6             
1 35003U 09028C   11157.50075980  .00070564  00000-0  69830-3 0  6436
2 35003  40.4543 208.0895 0019418 159.0160 201.1445 15.64611492115755
HAWKSAT 1               
1 35004U 09028D   11157.50496873  .00105314  00000-0  79853-3 0  6466
2 35004  40.4542 199.9204 0019489 161.6242 198.5291 15.70960471115833
SWISSCUBE               
1 35932U 09051B   11157.30304594  .00005256  00000-0  12986-2 0   133
2 35932  98.3339 257.4428 0009287 169.6144 190.4473 14.52445735 90140
BEESAT                  
1 35933U 09051C   11157.27415621  .00007847  00000-0  19109-2 0  1058
2 35933  98.3330 257.6811 0006129 194.8162 165.2335 14.52984554 90179
UWE-2                   
1 35934U 09051D   11157.26249698  .00003321  00000-0  81574-3 0  8503
2 35934  98.3254 257.4617 0007878 189.9920 170.0918 14.52971647 90176
ITUPSAT 1               
1 35935U 09051E   11157.72038689  .00001941  00000-0  48744-3 0  5922
2 35935  98.3381 258.2232 0009040 175.0153 185.1088 14.52389646 90196
TISAT-1                 
1 36799U 10035E   11157.72908662  .00000947  00000-0  13046-3 0  9254
2 36799  98.1026 225.8753 0014363 314.9461  45.0582 14.80564476 48763
