ALSAT 1                 
1 27559U 02054A   11157.76369694  .00000292  00000-0  56982-4 0  6246
2 27559  97.8393  18.3736 0022427 217.5548 142.4095 14.69546329455396
NIGERIASAT 1            
1 27941U 03042C   11157.80916931  .00000163  00000-0  40306-4 0  6864
2 27941  97.8461  11.6922 0012148  29.9233 330.2670 14.63195815410767
UK-DMC                  
1 27942U 03042D   11157.76312566  .00000329  00000-0  53802-4 0  7066
2 27942  97.8564  16.5938 0066936  21.3618 339.0371 14.75770800411076
BILSAT 1                
1 27943U 03042E   11157.75227578  .00000119  00000-0  31828-4 0  5401
2 27943  97.8429  10.7537 0012225  28.0588 332.1272 14.63028495410739
BEIJING 1               
1 28890U 05043A   11157.77728066  .00000107  00000-0  31557-4 0  4210
2 28890  97.9556  33.8959 0014314 247.9382 112.0304 14.60167936298918
HJ-1A                   
1 33320U 08041A   11157.81335364  .00000351  00000-0  58848-4 0   360
2 33320  97.9076 230.6574 0023327 287.4053  72.4577 14.75522100147993
HJ-1B                   
1 33321U 08041B   11157.77935694  .00000035  00000-0  12683-4 0   791
2 33321  97.9093 230.7679 0041629 300.1149  59.6011 14.75524509147977
YAOGAN 4                
1 33446U 08061A   11157.76174862 -.00000250  00000-0 -30244-4 0  7917
2 33446  97.8350 229.3127 0016482 230.8227 129.1526 14.74367740135283
YAOGAN 5                
1 33456U 08064A   11157.77501977  .00004853  00000-0  17307-3 0  7884
2 33456  97.2993 230.3076 0011580  13.5752 133.7826 15.29298616137821
DEIMOS-1                
1 35681U 09041A   11157.78249233  .00000296  00000-0  58177-4 0   608
2 35681  98.0675  56.9989 0001342 111.3117 248.8250 14.69455658 99450
UK-DMC 2                
1 35683U 09041C   11157.75459357  .00000202  00000-0  42357-4 0   810
2 35683  98.0697  55.9632 0001007  72.4276 287.7061 14.69450644 99374
