SAUDISAT 1A             
1 26545U 00057A   11156.96697621  .00000227  00000-0  47587-4 0  8562
2 26545  64.5542  62.3798 0005392  65.7933 294.3735 14.80918040577622
UNISAT                  
1 26547U 00057C   11157.17590128  .00000730  00000-0  10746-3 0  8905
2 26547  64.5564  40.1871 0009729  95.5864 264.6360 14.82918389578102
SAUDISAT 1B             
1 26549U 00057E   11157.21697847  .00000130  00000-0  35983-4 0  9454
2 26549  64.5543  82.2478 0008919  93.6548 266.5580 14.79759739577246
MOZHAYETS               
1 27560U 02054B   11157.75062523  .00000297  00000-0  77618-4 0  4813
2 27560  97.9278 333.5723 0043823 127.4643 233.0577 14.55242628451395
SAUDISAT 1C             
1 27607U 02058C   11156.71783358  .00000160  00000-0  46582-4 0  4837
2 27607  64.5595   2.5294 0071258 323.8143  35.8097 14.71752012454406
UNISAT 2                
1 27608U 02058D   11157.84080190  .00000160  00000-0  44153-4 0  4895
2 27608  64.5593 314.3214 0060048 309.7027  49.8780 14.74689148455508
SAUDISAT 2              
1 28371U 04025F   11157.78058581  .00000112  00000-0  37292-4 0  7965
2 28371  97.9379 178.3145 0025777 338.0130  21.9939 14.53044310367860
UNISAT 3                
1 28373U 04025H   11157.14168904  .00000209  00000-0  71766-4 0  9578
2 28373  98.0553 144.3977 0072263  72.1671 288.7418 14.43509779365858
SSETI EXPRESS (XO-53)   
1 28894U 05043E   11157.66671571  .00000191  00000-0  49148-4 0   898
2 28894  97.9642  33.5131 0016445 256.9495 102.9870 14.59837508298811
SAUDISAT 3              
1 31118U 07012B   11157.77513311  .00000076  00000-0  21418-4 0  3893
2 31118  97.9244 222.5958 0016644 105.5212 254.7831 14.68109399221758
