COSMOS 2413 (712)       
1 28509U 04053B   11157.38706066 -.00000002  00000-0  10000-3 0  7835
2 28509  63.4622 255.7787 0005838 161.4125 232.2082  2.13102421 50149
COSMOS 2419 (714)       
1 28915U 05050A   11157.22974954  .00000092  00000-0  00000+0 0  5189
2 28915  64.8764 139.9653 0018779 339.5549 237.8860  2.13102045 42387
COSMOS 2425 (716)       
1 29670U 06062A   11156.75762770 -.00000034  00000-0  10000-3 0  2268
2 29670  65.7491  18.7295 0023008 352.3735 295.5164  2.13100974 34579
COSMOS 2426 (717)       
1 29671U 06062B   11156.81794920 -.00000034  00000-0  10000-3 0  2448
2 29671  65.7653  18.7701 0017302 162.5411  42.1537  2.13103505 34588
COSMOS 2424 (715)       
1 29672U 06062C   11156.75401087 -.00000034  00000-0  10000-3 0  2520
2 29672  65.7509  18.7345 0016794 161.6617 174.1291  2.13103204 34573
COSMOS 2433 (720)       
1 32275U 07052A   11157.37131978  .00000093  00000-0  00000+0 0  9842
2 32275  64.8887 139.7006 0005119 275.1129 321.4859  2.13102413 28101
COSMOS 2432 (719)       
1 32276U 07052B   11157.05826096  .00000091  00000-0  10000-3 0  9696
2 32276  64.9020 139.7463 0015606 331.8772 338.2528  2.13102168 28099
COSMOS 2431 (718)       
1 32277U 07052C   11156.75929852  .00000089  00000-0  00000+0 0  9767
2 32277  64.9051 139.7448 0019211 199.7376  77.5438  2.13202736 28178
COSMOS 2434 (721)       
1 32393U 07065A   11156.94454270 -.00000035  00000-0  00000+0 0  8185
2 32393  65.3730  18.9122 0005295 104.3258  60.5080  2.13103003 26801
COSMOS 2435 (722)       
1 32394U 07065B   11156.75385736 -.00000035  00000-0  10000-3 0  7257
2 32394  65.3761  18.9110 0020750   3.8210 329.0464  2.13103376 26731
COSMOS 2436 (723)       
1 32395U 07065C   11156.77622373 -.00000035  00000-0  10000-3 0  7363
2 32395  65.3852  18.9311 0018054 358.4868 128.5334  2.13103294 26735
COSMOS 2442 (724)       
1 33378U 08046A   11157.05243726  .00000090  00000-0  10000-3 0  7627
2 33378  64.8027 139.2739 0028090 330.9246  65.3709  2.13102288 20967
COSMOS 2443 (725)       
1 33379U 08046B   11157.30644594  .00000092  00000-0  10000-3 0  7446
2 33379  64.8105 139.3071 0020050 191.3753 265.5624  2.13102431 20976
COSMOS 2444 (726)       
1 33380U 08046C   11157.14657146  .00000091  00000-0  10000-3 0  7503
2 33380  64.8199 139.3290 0029485 324.0073 325.8309  2.13102890 20952
COSMOS 2447 (727)       
1 33466U 08067A   11157.12375713 -.00000003  00000-0  00000+0 0  6908
2 33466  64.3122 259.3411 0003633 248.5060 126.2595  2.13102034 19025
COSMOS 2449 (729)       
1 33467U 08067B   11156.65252101  .00000000  00000-0  00000+0 0  6929
2 33467  64.3003 259.3344 0003175 271.1915 237.7068  2.13101955 19036
COSMOS 2448 (728)       
1 33468U 08067C   11157.50490346 -.00000005  00000-0  00000+0 0  6870
2 33468  64.3043 259.3094 0004176 301.2688  50.1485  2.13101478 19037
COSMOS 2456 (730)       
1 36111U 09070A   11156.70401272  .00000000  00000-0  00000+0 0  4359
2 36111  64.5390 259.3727 0004135 317.6186 185.8509  2.13101879 11461
COSMOS 2457 (733)       
1 36112U 09070B   11156.38840247  .00000002  00000-0  00000-0 0  4255
2 36112  64.5206 259.3524 0007769 155.7380 241.0498  2.13101600 11460
COSMOS 2458 (734)       
1 36113U 09070C   11157.88899602 -.00000008  00000-0  10000-3 0  4241
2 36113  64.5254 259.2929 0001008  77.2544  75.5139  2.13102031 11496
COSMOS 2459 (731)       
1 36400U 10007A   11157.47307705  .00000093  00000-0  10000-3 0  3652
2 36400  64.7871 139.0951 0033608 348.7244 191.1066  2.13102706  9834
COSMOS 2461 (735)       
1 36401U 10007B   11156.75911390  .00000088  00000-0  10000-3 0  3591
2 36401  64.7797 139.1164 0002232  81.3689 180.9587  2.13102685  9819
COSMOS 2460 (732)       
1 36402U 10007C   11156.75786846  .00000088  00000-0  10000-3 0  3677
2 36402  64.7696 139.1169 0002818 269.1863  36.6627  2.13102356  9810
COSMOS 2466 (738)       
1 37137U 10041A   11157.70234892 -.00000039  00000-0  00000+0 0  2228
2 37137  64.9445  19.9488 0022177 150.0454 100.2686  2.13102786  5910
COSMOS 2465 (737)       
1 37138U 10041B   11156.72015395 -.00000035  00000-0  00000+0 0  2333
2 37138  64.9599  20.0199 0035891 164.7102 232.3009  2.13103279  5893
COSMOS 2464 (736)       
1 37139U 10041C   11157.76771663 -.00000039  00000-0  00000+0 0  2206
2 37139  64.9627  19.9703 0021860  16.7641 238.7599  2.13103026  5916
