GOES 1 [-]              
1 08366U 75100A   11155.56730568 -.00000054  00000-0  10000-3 0  6349
2 08366  14.1395 341.7509 0002516  56.4405 303.5685  1.00314026130141
GOES 2 [-]              
1 10061U 77048A   11156.83644893 -.00000294  00000-0  10000-3 0  7609
2 10061  14.7042 350.2406 0011993 275.9616  83.8859  0.99402114 68945
GOES 3 [P]              
1 10953U 78062A   11156.56089322 -.00000136  00000-0  10000-3 0  4350
2 10953  14.5443 353.9502 0006499  48.2724 311.7778  1.00274895 73878
GOES 4 [-]              
1 11964U 80074A   11156.29949962 -.00000198  00000-0  10000-3 0  9896
2 11964  15.0142 357.6144 0034339 321.0441  38.7004  0.99233248 73151
GOES 5 [-]              
1 12472U 81049A   11155.56126704 -.00000223  00000-0  10000-3 0  9185
2 12472  14.3115   7.9402 0002729  44.1328 315.8812  1.00331491 67909
GOES 6 [-]              
1 14050U 83041A   11156.63345149 -.00000095  00000-0  10000-3 0  9376
2 14050  14.1178  12.8986 0005779  30.9591 329.0746  1.00327362161017
GOES 7 [-]              
1 17561U 87022A   11157.55474837  .00000076  00000-0  10000-3 0  9949
2 17561  13.3260  29.8384 0004427  93.9809 158.2568  1.00289486 72121
GOES 8 [-]              
1 23051U 94022A   11156.36711260  .00000015  00000-0  10000-3 0  7198
2 23051   7.4824  63.8916 0002181 226.3260 133.5039  0.98904914 69827
GOES 9 [P]              
1 23581U 95025A   11156.39588822 -.00000058  00000-0  10000-3 0  9920
2 23581   7.0293  61.8417 0008557 352.2766   7.5534  0.98801136 58525
GOES 10 [-]             
1 24786U 97019A   11156.25074204  .00000035  00000-0  10000-3 0  9162
2 24786   5.2534  64.7172 0008896  15.9036 343.8952  0.99068652 51645
GOES 11 [+]             
1 26352U 00022A   11157.48248292  .00000092  00000-0  10000-3 0  3591
2 26352   0.3631  81.0812 0002722  31.6234 180.1333  1.00272620 40615
GOES 12 [B]             
1 26871U 01031A   11156.18854310 -.00000280  00000-0  10000-3 0  1259
2 26871   1.3977  77.2984 0004399  16.3261 168.1048  1.00267667 36208
GOES 13 [+]             
1 29155U 06018A   11157.09858545 -.00000248  00000-0  10000-3 0  6228
2 29155   0.1531 266.1585 0006330 161.8866 146.9551  1.00270952 18461
GOES 14 [S]             
1 35491U 09033A   11157.48707615 -.00000088  00000-0  10000-3 0    93
2 35491   0.1288  86.3363 0005891 331.0298 267.7214  1.00271056  7133
GOES 15 [S]             
1 36411U 10008A   11156.43845265 -.00000176  00000-0  10000-3 0  6205
2 36411   0.2361  92.8002 0003143  19.1768 209.5445  1.00261284  4628
