GORIZONT 25             
1 21922U 92017A   11156.04086273 -.00000355  00000-0  10000-3 0  4880
2 21922  12.8381  34.8254 0028959 325.9681  33.8174  0.99853442 70113
GORIZONT 26             
1 22041U 92043A   11156.52722366 -.00000246  00000-0  10000-3 0  1094
2 22041  12.7322  36.2336 0029207 116.0391 244.2275  0.99244156 69003
GORIZONT 27             
1 22245U 92082A   11155.62632971 -.00000220  00000-0  10000-3 0  6609
2 22245  12.6444  37.0817 0011767 258.8571 100.9717  1.00151991 72137
GORIZONT 28             
1 22880U 93069A   11155.35964360  .00000008  00000-0  10000-3 0  4960
2 22880  12.2333  40.3304 0036506  16.6969 343.3804  0.99655057 64413
GORIZONT 29             
1 22907U 93072A   11156.97072605 -.00000172  00000-0  10000-3 0  8838
2 22907  12.2080  40.3062 0008855 238.6727 121.1898  1.00169590 64226
GORIZONT 30             
1 23108U 94030A   11156.36584796  .00000098  00000-0  10000-3 0  6866
2 23108  12.0698  41.4874 0001957   0.9731 358.9827  1.00329019 62434
GORIZONT 31             
1 23775U 96005A   11156.10708216 -.00000331  00000-0  10000-3 0  1144
2 23775  11.1149  47.0387 0019855  81.1323 279.0188  0.99890516 56203
GORIZONT 32             
1 23880U 96034A   11156.96216277 -.00000364  00000-0  10000-3 0  7768
2 23880  10.9818  47.9349 0002238 313.3749 355.9860  1.00260776 55040
GORIZONT 33             
1 26372U 00029A   11156.74195779 -.00000081  00000-0  10000-3 0  8256
2 26372   8.3347  56.8055 0004557 346.1224  13.7536  1.00156558 40379
