RADCAL                  
1 22698U 93041A   11156.80051631  .00000074  00000-0  25782-4 0  9160
2 22698  89.5435 349.7591 0091062 129.8394 231.0861 14.22879618931456
STRV 1A                 
1 23125U 94034B   11156.72081236  .00007374  00000-0  98431-3 0  8185
2 23125   7.3677  50.7224 6811280 351.7833   1.2605  2.90802305160090
STRV 1B                 
1 23126U 94034C   11156.19158834  .00007622  00000-0  86215-3 0  8235
2 23126   7.4685 348.2706 6776330 116.0956 326.2774  2.96026077162768
REX 2                   
1 23814U 96014A   11157.07191979  .00000092  00000-0  35296-4 0  2898
2 23814  90.1508 285.1223 0024046 116.5373 243.8284 14.23936796791848
COSMOS 2346             
1 24953U 97052A   11157.86239017  .00000023  00000-0  79650-5 0  1277
2 24953  82.9203 137.0542 0038096 270.7606  88.9188 13.79451064689842
ARGOS                   
1 25634U 99008A   11157.22118549 -.00000151  00000-0 -50940-4 0  3167
2 25634  98.9075 212.2650 0011014  56.6746 303.5494 14.18958160636016
HELIOS 1B               
1 25977U 99064A   11157.55416802  .00000502  00000-0  77193-4 0  3301
2 25977  98.3094 192.9582 0001410 135.1615 224.9718 14.78040040618173
MTI                     
1 26102U 00014A   11157.89018101  .00002069  00000-0  11958-3 0  8611
2 26102  97.3107 297.2165 0020085 133.3097  13.0841 15.13184358618161
STRV 1C                 
1 26610U 00072C   11156.30239681  .00000137  00000-0  00000+0 0  2128
2 26610   6.8613  36.9492 7343606 185.6155 155.7022  2.03458286 78447
MIDSTAR-1               
1 30773U 07006B   11157.83209210  .00002322  00000-0  10279-3 0  2177
2 30773  46.0715 120.7636 0008133 109.8360 250.3418 15.25201215236538
CFESAT                  
1 30777U 07006F   11157.88307327  .00001967  00000-0  14213-3 0  1045
2 30777  35.4326  56.9505 0004378 323.1567  36.8855 15.04092403233414
NFIRE                   
1 31140U 07014A   11156.96051379  .00006250  00000-0  15767-3 0  4699
2 31140  48.2278 322.4317 0008283 119.5989 240.5773 15.41025762234007
SPIRALE A               
1 33751U 09008C   11154.25129198  .00376082  10390-5  65221-2 0  4891
2 33751   2.2627 325.1538 7165126 114.4075 332.5430  2.47972030 19078
SPIRALE B               
1 33752U 09008D   11157.03572842  .00038126  00000-0  36436-2 0  4532
2 33752   2.3013 328.2335 7270330 108.5503 337.3595  2.31812472 19095
TACSAT 3                
1 35001U 09028A   11156.71043631  .00016779  00000-0  30556-3 0  6097
2 35001  40.4534 242.4447 0021553 124.1269 236.1596 15.48786350115308
