SIRIUS-1                
1 26390U 00035A   11157.17046865 -.00000004  00000-0  00000+0 0  8780
2 26390  60.8667 249.7367 2700449 270.4535  59.1558  1.00279432 40055
SIRIUS-2                
1 26483U 00051A   11155.83431696  .00000125  00000-0  10000-3 0  5057
2 26483  63.8642 129.4122 2694460 268.6792  60.6341  1.00279325 39377
SIRIUS-3                
1 26626U 00077A   11157.49840366 -.00000123  00000-0  00000+0 0  7771
2 26626  64.0707   9.5901 2700549 269.4306  59.8979  1.00276424 38520
XM-2 (ROCK)             
1 26724U 01012A   11151.76071141 -.00000012  00000-0  10000-3 0  9966
2 26724   0.0153 289.3811 0003928  26.9783  91.1833  1.00273862 37454
XM-1 (ROLL)             
1 26761U 01018A   11157.54962334 -.00000001  00000-0  00000+0 0  7925
2 26761   0.0640 197.9721 0000840  10.5840 131.0436  1.00026171 36971
XM-3 (RHYTHM)           
1 28626U 05008A   11156.42259484 -.00000202  00000-0  10000-3 0  9684
2 28626   0.0317 131.7703 0000133 223.6159 325.1759  1.00271124 23009
XM-4 (BLUES)            
1 29520U 06049A   11155.38194964 -.00000017  00000-0  10000-3 0  7197
2 29520   0.0259  60.1260 0000391  99.1986 115.4152  1.00273733 16930
