LANDSAT 5               
1 14780U 84021A   11157.78190216  .00000199  00000-0  54132-4 0  9486
2 14780  98.1915 225.2785 0003425  36.8070 323.3349 14.57122840450172
SPOT 2                  
1 20436U 90005A   11157.73684589  .00000382  00000-0  74711-4 0  3355
2 20436  98.6382 268.1651 0153724 239.3204 119.2780 14.62244758110684
ERS-2                   
1 23560U 95021A   11157.75995045 -.00000141  00000-0 -34749-4 0  3669
2 23560  98.5229 232.7354 0001132 111.3773 248.7563 14.34153013843239
RADARSAT-1              
1 23710U 95059A   11157.81371763  .00000012  00000-0  21732-4 0  4933
2 23710  98.5787 164.4569 0001159  88.0991  35.1136 14.29982685813651
TOMS EP                 
1 23940U 96037A   11156.68328003  .00000202  00000-0  59737-4 0  6599
2 23940  97.9400   4.0965 0028648 291.9656  67.8499 14.52471997793718
MIDORI (ADEOS)          
1 24277U 96046A   11157.16922067  .00000109  00000-0  60106-4 0  6674
2 24277  98.4663 106.5358 0001136   9.0015 351.1187 14.28663222771584
ORBVIEW 2 (SEASTAR)     
1 24883U 97037A   11156.79528101  .00000093  00000-0  50173-4 0  4456
2 24883  98.3761 282.1330 0002775 135.4387 224.7033 14.32259769736377
IRS-1D                  
1 24971U 97057A   11157.75687659  .00000086  00000-0  45736-4 0  5662
2 24971  98.1831 166.3146 0052996 307.5332  52.1031 14.33058335715882
TRMM                    
1 25063U 97074A   11156.70405418  .00011659  00000-0  16376-3 0  6867
2 25063  34.9646 265.9478 0000650 285.6180  74.4481 15.55824469772083
SPOT 4                  
1 25260U 98017A   11157.73876629  .00000033  00000-0  35524-4 0  3862
2 25260  98.6125 225.1061 0000903  58.4755 301.6514 14.20080366684458
FASAT B                 
1 25395U 98043B   11157.01662626  .00000088  00000-0  55507-4 0   568
2 25395  98.3006 159.4495 0001721 265.1200  94.9784 14.24441413670772
TECHSAT 1B (GO-32)      
1 25397U 98043D   11156.87441816  .00000085  00000-0  55450-4 0  4961
2 25397  98.3235 150.0407 0001116   1.3184 358.8002 14.23210184670354
LANDSAT 7               
1 25682U 99020A   11157.75046273  .00000197  00000-0  53695-4 0   475
2 25682  98.2046 226.2829 0000511 118.6456 241.4783 14.57113035645861
KITSAT 3                
1 25756U 99029A   11157.23426183  .00000021  00000-0  16911-4 0  5258
2 25756  98.5992  21.1492 0014377 141.1334 219.0896 14.52648729637545
DLR-TUBSAT              
1 25757U 99029B   11157.71888862  .00000049  00000-0  24465-4 0   324
2 25757  98.6409  13.0842 0014451 174.7100 185.4248 14.50895505637041
IRS-P4 (OCEANSAT 1)     
1 25758U 99029C   11157.85206579  .00000208  00000-0  63731-4 0  7681
2 25758  98.2648 250.7693 0001129 163.9180 196.2051 14.50907773637215
QUIKSCAT                
1 25789U 99034A   11157.10112126  .00000028  00000-0  29399-4 0   217
2 25789  98.6268 346.5307 0001109  38.8637 321.2622 14.26839679622975
IKONOS 2                
1 25919U 99051A   11157.74577167  .00000182  00000-0  43269-4 0  5129
2 25919  98.1123 232.4050 0001322  72.5960 287.5386 14.64450008625379
CBERS 1 (ZY 1A)         
1 25940U 99057A   11157.90697447  .00000208  00000-0  88103-4 0  8938
2 25940  98.2123 135.0708 0006231  87.1979 272.9923 14.34554097609993
TERRA                   
1 25994U 99068A   11157.76677770  .00000213  00000-0  57372-4 0  9571
2 25994  98.2064 232.2523 0001329  79.2812 280.8528 14.57126020609942
ARIRANG 1 (KOMPSAT-1)   
1 26032U 99070A   11157.76127877  .00000378  00000-0  77403-4 0   217
2 26032  97.8214  18.5051 0006295 106.1766 254.0144 14.65889943612898
EO-1                    
1 26619U 00075A   11157.75559223  .00000049  00000-0  19010-4 0  3159
2 26619  98.1246 224.6718 0009705 205.7624 154.3056 14.62264487561418
SAC C                   
1 26620U 00075B   11157.83403071  .00000258  00000-0  67293-4 0  3203
2 26620  97.8697 161.8662 0000884  80.0723 280.0572 14.56572771560431
EROS A1                 
1 26631U 00079A   11157.84506693  .00003462  00000-0  22806-3 0  1077
2 26631  97.6507 224.2816 0009002  63.3076  48.0129 15.08149819583663
QUICKBIRD 2             
1 26953U 01047A   11157.91278935  .00004505  00000-0  15836-3 0  4384
2 26953  97.2690 225.1572 0002592  96.2590 256.2707 15.29864508541291
TES                     
1 26957U 01049A   11157.78267640  .00000028  00000-0  69711-5 0  3968
2 26957  97.6375 233.8081 0038316 272.7699  86.9149 15.00984040527143
JASON 1                 
1 26997U 01055A   11157.37338693 -.00000038  00000-0  10000-3 0  3531
2 26997  66.0466  16.8002 0007634 266.7003  93.3140 12.80930394444151
METEOR-3M               
1 27001U 01056A   11156.96441334 -.00000017  00000-0  28789-4 0  8895
2 27001  99.1979 350.9195 0013504 329.5167  30.5193 13.68723430473848
BADR-B                  
1 27003U 01056C   11157.69732642 -.00000022  00000-0  22399-4 0  8193
2 27003  99.1701 358.2677 0020080 323.9761  36.0028 13.70116179474482
MAROC-TUBSAT            
1 27004U 01056D   11157.56927897  .00000024  00000-0  74373-4 0  7074
2 27004  99.1702 357.2867 0019861 326.0729  33.9145 13.70040814474430
ENVISAT                 
1 27386U 02009A   11157.75122669 -.00000165  00000-0 -40437-4 0  2315
2 27386  98.5060 225.9525 0001005  87.8181 272.3135 14.37478440484613
SPOT 5                  
1 27421U 02021A   11157.81013355  .00000169  00000-0  10000-3 0  2995
2 27421  98.6948 231.5663 0001300  99.4444  49.9820 14.20045393471292
AQUA                    
1 27424U 02022A   11157.51159494  .00000263  00000-0  68421-4 0  9703
2 27424  98.1966  98.4168 0001699  81.6718 278.4648 14.57138280483511
HAIYANG-1A              
1 27430U 02024A   11157.47789878  .00000221  00000-0  10216-3 0  6600
2 27430  98.3807 210.9077 0009998 113.6202 246.6031 14.29854774472858
ALSAT 1                 
1 27559U 02054A   11157.76369694  .00000292  00000-0  56982-4 0  6246
2 27559  97.8393  18.3736 0022427 217.5548 142.4095 14.69546329455396
MIDORI II (ADEOS-II)    
1 27597U 02056A   11156.74329833  .00000132  00000-0  72112-4 0  4556
2 27597  98.3764 204.1619 0001386  26.3192 333.8058 14.26280811441218
IRS-P6 (RESOURCESAT-1)  
1 28051U 03046A   11157.78468203  .00000040  00000-0  37710-4 0  8773
2 28051  98.6391 231.7153 0001806 185.3196 322.2467 14.21659855396352
CBERS 2 (ZY 1B)         
1 28057U 03049A   11157.75695136  .00000056  00000-0  34068-4 0  3243
2 28057  98.1858 186.7647 0002121  34.0449 326.0861 14.34989952399597
TANSUO 1                
1 28220U 04012A   11157.56332798  .00000909  00000-0  10122-3 0  8759
2 28220  97.4477 163.9807 0011360 328.9078  31.1463 14.89292650387457
FORMOSAT-2 (ROCSAT 2)   
1 28254U 04018A   11157.86392322  .00000105  00000-0  10000-3 0  9398
2 28254  99.0209 222.0336 0002597 115.6631  11.3535 14.00776587360277
AURA                    
1 28376U 04026A   11157.51728773  .00000262  00000-0  68061-4 0  1327
2 28376  98.1970 100.5305 0001395  88.8734 271.2602 14.57113667366569
PARASOL                 
1 28498U 04049G   11157.50647627  .00000248  00000-0  63628-4 0   231
2 28498  98.3602 110.3481 0000980  88.4421 271.6879 14.58537283343908
IRS-P5 (CARTOSAT-1)     
1 28649U 05017A   11157.77091421  .00000506  00000-0  69266-4 0  8496
2 28649  97.8790 231.5111 0001244  73.4200 286.7157 14.82660351329480
TOPSAT                  
1 28891U 05043B   11157.79661816  .00000151  00000-0  40885-4 0  2617
2 28891  97.9549  32.7639 0015918 252.3080 107.6385 14.59906984298854
SINAH 1                 
1 28893U 05043D   11156.73412617  .00000152  00000-0  40775-4 0   870
2 28893  97.9630  33.4260 0014415 255.4313 104.5287 14.60186915298762
ALOS (DAICHI)           
1 28931U 06002A   11157.76140885  .00000342  00000-0  81861-4 0  9958
2 28931  98.1178 230.7226 0002191  69.0331 291.1095 14.59404115285866
EROS B                  
1 29079U 06014A   11157.87668429  .00005477  00000-0  26533-3 0  7457
2 29079  97.4414 276.3119 0010932  57.9498  88.3519 15.18902147283740
RSS-1 (YAOGAN 1)        
1 29092U 06015A   11157.08081748  .00000471  00000-0  68384-4 0  7909
2 29092  97.8953 147.1365 0001351  77.4245 282.7118 14.80458055276128
RESURS-DK 1             
1 29228U 06021A   11157.87567203  .00000234  00000-0  27062-4 0  5812
2 29228  69.9369 288.0483 0003214 150.3651 354.5591 14.98976935277707
ARIRANG 2 (KOMPSAT-2)   
1 29268U 06031A   11157.76450048  .00000213  00000-0  52740-4 0  4023
2 29268  98.3065  43.3206 0016656  75.8667 284.4399 14.61402800259204
LAPAN-TUBSAT            
1 29709U 07001A   11157.74737582  .00000183  00000-0  30460-4 0  8913
2 29709  97.7073 199.7559 0014793  98.1728 262.1165 14.80404075237936
CARTOSAT-2 (IRS-P7)     
1 29710U 07001B   11157.78877991  .00000140  00000-0  26095-4 0  8707
2 29710  97.9122 218.2680 0002185 105.0205 255.1255 14.78703265237726
HAIYANG-1B              
1 31113U 07010A   11157.77607714  .00000112  00000-0  60199-4 0  6148
2 31113  98.4609 224.4162 0014943 106.6920 253.5911 14.29545480216741
COSMO-SKYMED 1          
1 31598U 07023A   11157.78550379 -.00002881  00000-0 -35554-3 0  4460
2 31598  97.8669 344.2134 0001400  82.9495 277.1846 14.82158615216214
TERRASAR-X              
1 31698U 07026A   11157.87005196  .00000308  00000-0  17872-4 0  5551
2 31698  97.4435 164.9884 0001474  88.0493 319.6331 15.19152877220533
WORLDVIEW-1 (WV-1)      
1 32060U 07041A   11157.75772207  .00003103  00000-0  12913-3 0  1386
2 32060  97.3664 236.2664 0001886 109.6951  36.6048 15.24492202206715
CBERS 2B                
1 32062U 07042A   11157.76266450  .00000121  00000-0  53470-4 0  8038
2 32062  98.4193 233.0321 0032006 328.2513  31.6737 14.38645424194864
YAOGAN 3                
1 32289U 07055A   11157.79088959 -.00000056  00000-0 -64958-6 0  9576
2 32289  97.8518 150.1571 0001402  68.6353 291.5001 14.80384217192763
COSMO-SKYMED 2          
1 32376U 07059A   11157.75176709  .00000404  00000-0  57291-4 0  8534
2 32376  97.8670 344.1825 0001347  87.7753 272.3617 14.82176382188950
RADARSAT-2              
1 32382U 07061A   11157.82461806  .00000051  00000-0  36879-4 0  8433
2 32382  98.5764 165.2332 0001182  85.6745 262.6396 14.29983743181530
CARTOSAT-2A             
1 32783U 08021A   11157.73499025  .00000394  00000-0  60835-4 0  4401
2 32783  97.9589 217.7645 0014252 239.8192 120.1616 14.78682352167661
IMS-1                   
1 32786U 08021D   11157.76292120  .00000744  00000-0  10487-3 0  9102
2 32786  97.8530 219.5510 0011818 209.8623 150.1913 14.80106637167822
JASON 2 (OSTM)          
1 33105U 08032A   11157.09702278 -.00000050  00000-0  46041-4 0  9776
2 33105  66.0432  17.6740 0007715 270.3718  89.6428 12.80929588138425
RAPIDEYE 2              
1 33312U 08040A   11157.78965958  .00000246  00000-0  39576-4 0  1039
2 33312  97.9363 246.1980 0010860 306.3130  53.7078 14.79891296149631
RAPIDEYE 5              
1 33313U 08040B   11157.74781213  .00000308  00000-0  47720-4 0   898
2 33313  97.9345 245.4475 0018537 165.5316 194.6444 14.79888332149575
RAPIDEYE 1              
1 33314U 08040C   11157.73576837  .00000248  00000-0  39792-4 0  1380
2 33314  97.9361 246.2134 0023629 315.5010  44.4316 14.79888133149615
RAPIDEYE 3              
1 33315U 08040D   11157.77431815  .00000267  00000-0  42273-4 0   738
2 33315  97.9330 245.4940 0010832 243.6471 116.3624 14.79889870149588
RAPIDEYE 4              
1 33316U 08040E   11157.76042655  .00000289  00000-0  45243-4 0   653
2 33316  97.9326 245.3303 0012196 183.1340 176.9803 14.79889618149574
HJ-1A                   
1 33320U 08041A   11157.81335364  .00000351  00000-0  58848-4 0   360
2 33320  97.9076 230.6574 0023327 287.4053  72.4577 14.75522100147993
HJ-1B                   
1 33321U 08041B   11157.77935694  .00000035  00000-0  12683-4 0   791
2 33321  97.9093 230.7679 0041629 300.1149  59.6011 14.75524509147977
GEOEYE 1                
1 33331U 08042A   11157.77873643  .00000107  00000-0  29216-4 0   518
2 33331  98.1142 231.2917 0010067 341.4809  18.6023 14.64438467146792
THEOS                   
1 33396U 08049A   11157.78583663  .00000169  00000-0  10000-3 0  8344
2 33396  98.7426 225.0465 0000923  92.5469  56.3278 14.20008805138905
COSMO-SKYMED 3          
1 33412U 08054A   11157.80660757 -.00000213  00000-0 -20251-4 0  8805
2 33412  97.8667 344.2357 0001441  87.4875 272.6477 14.82173565141424
YAOGAN 4                
1 33446U 08061A   11157.76174862 -.00000250  00000-0 -30244-4 0  7917
2 33446  97.8350 229.3127 0016482 230.8227 129.1526 14.74367740135283
YAOGAN 5                
1 33456U 08064A   11157.77501977  .00004853  00000-0  17307-3 0  7884
2 33456  97.2993 230.3076 0011580  13.5752 133.7826 15.29298616137821
YAOGAN 6                
1 34839U 09021A   11157.77549101  .00003193  00000-0  15174-3 0  3922
2 34839  97.5649 240.1064 0003384  98.1544  48.2158 15.19947584117713
RAZAKSAT                
1 35578U 09037A   11157.75249292  .00000669  00000-0  21887-4 0   983
2 35578   8.9884 290.4454 0016556 161.1891 198.8920 14.65094636101727
DEIMOS-1                
1 35681U 09041A   11157.78249233  .00000296  00000-0  58177-4 0   608
2 35681  98.0675  56.9989 0001342 111.3117 248.8250 14.69455658 99450
OCEANSAT 2              
1 35931U 09051A   11157.27687758  .00006032  00000-0  15388-2 0  1722
2 35931  98.2797 253.8749 0003452 118.8155 241.3023 14.50887660 90049
WORLDVIEW-2             
1 35946U 09055A   11157.77682080  .00000038  00000-0  27443-4 0  8421
2 35946  98.5136 236.4650 0001594 134.6808 225.4499 14.37394686 87052
SMOS                    
1 36036U 09059A   11157.54023290 -.00000043  00000-0  00000+0 0  4881
2 36036  98.4415 344.6099 0001091  82.1615 277.9716 14.39760621 83672
YAOGAN 7                
1 36110U 09069A   11157.75243568 -.00000035  00000-0  24032-5 0  6497
2 36110  97.9136 293.5037 0026261 337.1057  22.8976 14.74333720 80275
YAOGAN 10               
1 36834U 10038A   11157.75892620  .00000712  00000-0  10000-3 0  9095
2 36834  97.8247 161.7145 0002017  62.0931 298.0417 14.80380896 44511
COSMO-SKYMED 4          
1 37216U 10060A   11157.76863486  .00000375  00000-0  53593-4 0  6721
2 37216  97.8678 344.1989 0001398  90.6246 269.5130 14.82176950 31500
